1.44911	0.616348	0.264159	0.310639	0.381746	
1.45898	0.504162	0.48581	0.312881	0.288199	
1.31709	0.115958	0.33572	0.293751	0.818717	
1.46334	0.415384	0.303664	0.450061	0.648245	
1.45456	0.183587	0.0659784	0.859317	0.122621	
1.39188	0.538924	0.644929	0.0866469	0.0450771	
1.4684	0.864821	0.117312	0.297943	0.25908	
1.46341	0.244156	0.210907	0.142778	0.925268	
1.43597	0.179434	0.0858364	0.680897	0.63486	
1.42795	0.137141	0.559954	0.548055	0.57264	
1.35468	0.00803462	0.662432	0.577588	0.135384	
1.4427	0.0267697	0.666853	0.372723	0.152103	
1.45825	0.268181	0.278542	0.487387	0.579996	
1.43732	0.428222	0.098368	0.249829	0.0565977	
1.46533	0.376911	0.0180472	0.71037	0.0249569	
1.37045	0.612683	0.390087	0.427697	0.162914	
1.46559	0.533376	0.135659	0.160307	0.379063	
1.46537	0.910776	0.0940491	0.155852	0.322229	
1.38761	0.309628	0.19773	0.886861	0.245273	
1.46048	0.371017	0.238137	0.249516	0.703004	
1.45448	0.835185	0.0384015	0.307342	0.440933	
1.3214	0.0796346	0.278851	0.232551	0.831551	
1.46881	0.316372	0.118594	0.7889	0.512346	
1.47048	0.169673	0.0958011	0.348488	0.901964	
1.37134	0.484969	0.00472646	0.199173	0.634739	
1.39998	0.291955	0.495429	0.44342	0.68749	
1.44432	0.184059	0.77405	0.00599662	0.592304	
1.42192	0.145136	0.415428	0.196932	0.361381	
1.45374	0.179782	0.143202	0.962633	0.132952	
1.44562	0.114845	0.397341	0.634875	0.0290526	
1.43774	0.356632	0.317981	0.0225711	0.708224	
1.393	0.392771	0.701444	0.248799	0.168728	
1.33651	0.142637	0.746827	0.377739	0.517058	
1.44994	0.445405	0.417497	0.643619	0.148717	
1.46948	0.0408217	0.201827	0.576589	0.152007	
1.3971	0.069485	0.415089	0.386531	0.376283	
1.345	0.533683	0.393201	0.736591	0.12329	
1.42304	0.676896	0.151257	0.177477	0.69789	
1.44621	0.526644	0.708382	0.368498	0.213571	
1.41485	0.607755	0.662487	0.392335	0.0173255	
1.40678	0.638088	0.419506	0.614832	0.0756678	
1.28754	0.890312	0.0571498	0.413398	0.00786223	
1.41383	0.070615	0.480075	0.304592	0.678791	
1.42414	0.205885	0.344154	0.392081	0.574252	
1.43686	0.179764	0.78113	0.236101	0.347136	
1.4621	0.0913715	0.241062	0.0364354	0.0293926	
1.44801	0.444201	0.104204	0.0291465	0.888569	
1.45611	0.482874	0.101046	0.271016	0.731058	
1.45788	0.714796	0.41114	0.410361	0.215382	
1.46546	0.495681	0.243022	0.765578	0.266292	
1.43126	0.671823	0.497897	0.466526	0.228443	
1.47018	0.148374	0.820513	0.0646548	0.424273	
1.43945	0.426949	0.574683	0.08809	0.241235	
1.46697	0.336254	0.65983	0.339895	0.569806	
1.39443	0.12306	0.238978	0.00712629	0.894061	
1.37985	0.0261421	0.591465	0.358441	0.602062	
1.39182	0.254437	0.403393	0.490799	0.112497	
1.43163	0.727859	0.165554	0.45825	0.381416	
1.44745	0.890507	0.0737596	0.171199	0.13296	
1.25889	0.693553	0.622944	0.190664	0.0731939	
1.46665	0.700363	0.496016	0.187658	0.152491	
1.25744	0.560944	0.509969	0.595294	0.265417	
1.45055	0.00933582	0.0118191	0.313709	0.689224	
1.44971	0.317847	0.78015	0.0888827	0.430173	
1.44465	0.18202	0.598604	0.298374	0.702966	
1.34136	0.617035	0.244435	0.249314	0.700168	
1.46644	0.275528	0.54499	0.598816	0.276585	
1.46382	0.51035	0.223336	0.48883	0.502811	
1.4604	0.149205	0.212553	0.779149	0.239054	
1.40359	0.579081	0.702952	0.351406	0.055136	
1.45418	0.349657	0.660671	0.595982	0.231826	
1.46923	0.199042	0.720556	0.190375	0.577395	
1.42463	0.287322	0.540318	0.622206	0.454288	
1.45796	0.125664	0.589336	0.581323	0.347095	
1.44438	0.361648	0.909513	0.110662	0.125666	
1.45145	0.310365	0.193422	0.360623	0.763073	
1.45843	0.513031	0.49229	0.126077	0.618013	
1.4513	0.296509	0.0368949	0.108857	0.866055	
1.46423	0.40549	0.625119	0.172233	0.151727	
1.44088	0.147773	0.71613	0.260695	0.618189	
1.45062	0.285976	0.669071	0.174166	0.122025	
1.40403	0.360661	0.523661	0.133342	0.719646	
1.46598	0.28808	0.703932	0.138006	0.623527	
1.45213	0.0132514	0.444784	0.187714	0.83375	
1.43546	0.556427	0.00439916	0.775827	0.227939	
1.41861	0.860142	0.432272	0.2487	0.0672295	
1.4418	0.214342	0.474726	0.620945	0.283361	
1.46673	0.435057	0.512881	0.531682	0.368424	
1.47027	0.372848	0.0301927	0.178781	0.807949	
1.46337	0.106819	0.267433	0.675089	0.236671	
1.44778	0.779456	0.214672	0.469691	0.352336	
1.42829	0.00593096	0.708192	0.338085	0.60012	
1.43026	0.145039	0.696137	0.600526	0.348793	
1.40189	0.29771	0.142499	0.495601	0.17244	
1.29044	0.594563	0.0983026	0.399622	0.00243356	
1.44912	0.314925	0.217269	0.216581	0.627528	
1.43885	0.174276	0.596827	0.678189	0.386913	
